101000111100
000011111101
011100000100
100100010000
011110010100
101001100000
110001010000
111110011011
000110100110
110100000001
110100001001
010000100011
000010011100
111001110001
011001000010
100011100110
101010100111
001011001101
001101100100
111010110100
010101011100
001010010000
101001111001
101110010001
110100011100
001010111110
011110110100
110110101110
000000101101
001100000110
110010110001
010110101110
100111000111
000010101111
010101111011
011101000100
010000011011
110011111111
000001100100
100100110110
100001101001
110001000010
010111110110
101101011001
010101101101
010001101100
100010000000